﻿报告日期,2018-12-31,2017-12-31,2016-12-31,2015-12-31,2014-12-31,2013-12-31,2012-12-31,2011-12-31,2010-12-31,2009-12-31,2008-12-31,2007-12-31,2006-12-31,
销售商品、提供劳务收到的现金(万元),8691100,7139100,5200400,4763300,6501900,6680800,7499100,9038500,9516900,7293400,9286200,7053100,5858000,
客户存款和同业存放款项净增加额(万元),--,--,--,--,--,--,--,--,--,--,--,--,0,
向中央银行借款净增加额(万元,--,--,--,--,--,--,--,--,--,--,--,--,0,
向其他金融机构拆入资金净增加额(万元),--,--,--,--,--,--,--,--,--,--,--,--,0,
收到原保险合同保费取得的现金(万元),--,--,--,--,--,--,--,--,--,--,--,--,0,
收到再保险业务现金净额(万元),--,--,--,--,--,--,--,--,--,--,--,--,0,
保户储金及投资款净增加额(万元),--,--,--,--,--,--,--,--,--,--,--,--,0,
处置交易性金融资产净增加额(万元),--,--,--,--,--,--,--,--,--,--,--,--,0,
收取利息、手续费及佣金的现金(万元),--,--,--,--,--,--,--,--,--,--,--,--,0,
拆入资金净增加额(万元),--,--,--,--,--,--,--,--,--,--,--,--,0,
回购业务资金净增加额(万元),--,--,--,--,--,--,--,--,--,--,--,--,0,
收到的税费返还(万元),3500,3500,1600,2000,2100,1200,38200,13200,--,80000,--,12300,35400,
收到的其他与经营活动有关的现金(万元),7200,3400,9400,33300,19400,33400,10600,33800,67200,29200,5900,600,500,
经营活动现金流入小计(万元),8701800,7146000,5211400,4798600,6523400,6715400,7547900,9085500,9584100,7402600,9292100,7066000,5893900,
购买商品、接受劳务支付的现金(万元),6510500,5520500,3879700,3438200,5467900,4986500,6889300,8073700,8012100,6387900,6878000,5225500,4017400,
客户贷款及垫款净增加额(万元),--,--,--,--,--,--,--,--,--,--,--,--,0,
存放中央银行和同业款项净增加额(万元),--,--,--,--,--,--,--,--,--,--,--,--,0,
支付原保险合同赔付款项的现金(万元),--,--,--,--,--,--,--,--,--,--,--,--,0,
支付利息、手续费及佣金的现金(万元),--,--,--,--,--,--,--,--,--,--,--,--,0,
支付保单红利的现金(万元),--,--,--,--,--,--,--,--,--,--,--,--,0,
支付给职工以及为职工支付的现金(万元),481100,403900,409800,407600,409900,346200,263400,255700,269800,255400,258900,202700,170200,
支付的各项税费(万元),491400,283800,240200,163300,119000,166200,120900,139800,272000,225500,861100,738400,524000,
支付的其他与经营活动有关的现金(万元),389400,311000,246800,275800,312900,160200,129000,150000,127600,78900,100300,108800,80500,
经营活动现金流出小计(万元),7872400,6519200,4776500,4284900,6309700,5659100,7402600,8619200,8681500,6947700,8098300,6275400,4792100,
经营活动产生的现金流量净额(万元),829400,626800,434900,513700,213700,1056300,145300,466300,902600,454900,1193800,790600,1101800,
收回投资所收到的现金(万元),--,--,--,14900,--,--,--,--,--,--,--,--,0,
取得投资收益所收到的现金(万元),37900,36300,39600,68500,54100,40800,23600,2800,9300,4700,1700,400,300,
处置固定资产、无形资产和其他长期资产所收回的现金净额(万元),1200,100,14800,400,400,2800,600,300,500,2300,500,6100,5100,
处置子公司及其他营业单位收到的现金净额(万元),--,--,--,--,--,--,--,--,--,--,--,--,0,
收到的其他与投资活动有关的现金(万元),16700,24500,36900,31100,12600,27100,3600,4300,8700,173000,40900,40500,49100,
减少质押和定期存款所收到的现金(万元),--,--,--,--,--,--,--,--,--,--,--,--,0,
投资活动现金流入小计(万元),55800,60900,91300,114900,67100,70700,27800,7400,18500,180000,43100,47000,54500,
购建固定资产、无形资产和其他长期资产所支付的现金(万元),282500,186800,139300,380700,441600,294800,291800,550600,491000,687000,1468400,1818100,1053800,
投资所支付的现金(万元),153200,4600,--,7000,68000,11800,11200,11400,2500,14300,130100,24800,35400,
质押贷款净增加额(万元),--,--,--,--,--,--,--,--,--,--,--,--,0,
取得子公司及其他营业单位支付的现金净额(万元),--,--,--,--,--,--,--,--,--,--,--,--,0,
支付的其他与投资活动有关的现金(万元),8300,4000,7000,--,--,23100,--,--,--,--,--,--,175400,
增加质押和定期存款所支付的现金(万元),--,--,--,--,--,--,--,--,--,--,--,--,0,
投资活动现金流出小计(万元),444000,195400,146300,387700,509600,329700,303000,562000,493500,701300,1598500,1842900,1264600,
投资活动产生的现金流量净额(万元),-388200,-134500,-55000,-272800,-442500,-259000,-275200,-554600,-475000,-521300,-1555400,-1795900,-1210100,
吸收投资收到的现金(万元),300,--,--,1100,34300,--,30000,46300,--,--,--,--,0,
其中：子公司吸收少数股东投资收到的现金(万元),--,--,--,1100,34300,--,30000,46300,--,--,--,--,0,
取得借款收到的现金(万元),2118100,2091800,2694500,3012300,2498200,2792400,5333900,2442100,2526500,2014000,1622000,1912200,1392000,
发行债券收到的现金(万元),--,--,--,--,--,--,--,--,--,--,--,--,0,
收到其他与筹资活动有关的现金(万元),38000,8700,--,--,--,--,--,--,--,--,--,1997800,0,
筹资活动现金流入小计(万元),2156400,2100500,2694500,3013400,2532500,2792400,5363900,2488400,2526500,2014000,1622000,3910000,1392000,
偿还债务支付的现金(万元),2311500,2392300,3105200,2886100,2081500,3643600,5033400,2255000,2607700,1708400,1179500,1791700,1024400,
分配股利、利润或偿付利息所支付的现金(万元),288900,153100,130300,178200,163600,145800,229800,264900,198500,308600,550900,479700,159600,
其中：子公司支付给少数股东的股利、利润(万元),--,--,--,--,--,--,--,--,--,--,--,--,0,
支付其他与筹资活动有关的现金(万元),50300,500,300,700,--,--,--,11200,7000,3800,5900,5700,3200,
筹资活动现金流出小计(万元),2650700,2545900,3235800,3065000,2245100,3789400,5263200,2531100,2813200,2020800,1736300,2277100,1187200,
筹资活动产生的现金流量净额(万元),-494300,-445400,-541300,-51600,287400,-997000,100700,-42700,-286700,-6800,-114300,1632900,204800,
汇率变动对现金及现金等价物的影响(万元),1500,--,-1900,-400,--,--,--,--,--,--,--,-2300,0,
现金及现金等价物净增加额(万元),-51600,46900,-163300,188900,58600,-199700,-29200,-131000,140900,-73200,-475900,625300,96500,
加:期初现金及现金等价物余额(万元),267000,196800,360100,171200,112600,312300,234100,365100,224200,297400,773300,148000,51500,
期末现金及现金等价物余额(万元),215400,243700,196800,360100,171200,112600,204900,234100,365100,224200,297400,773300,148000,
净利润(万元),795200,561200,161500,-460000,92400,75500,-438000,-233200,195000,68600,298900,752500,700300,
少数股东损益(万元),--,--,--,--,--,--,--,--,--,--,--,--,0,
未确认的投资损失(万元),--,--,--,--,--,--,--,--,--,--,--,--,0,
资产减值准备(万元),-7400,32800,1900,6000,-2700,20300,-34300,6000,51500,-199000,210600,14700,16100,
固定资产折旧、油气资产折耗、生产性物资折旧(万元),351600,333100,329500,376700,382900,408700,552600,688700,701000,626200,477400,413300,378200,
无形资产摊销(万元),17300,16100,15600,15800,15500,16400,16600,16800,16600,15500,14500,12400,12500,
长期待摊费用摊销(万元),--,--,--,--,--,--,--,--,--,--,--,--,0,
待摊费用的减少(万元),--,--,--,--,--,--,--,--,--,--,--,--,0,
预提费用的增加(万元),--,--,--,--,--,--,--,--,--,--,--,--,0,
处置固定资产、无形资产和其他长期资产的损失(万元),-600,--,-100,--,-300,--,-2000,-700,-400,--,100,8100,28200,
固定资产报废损失(万元),10000,4400,1600,1700,8400,4700,900,3200,1800,300,4500,--,0,
公允价值变动损失(万元),-6000,600,--,-400,--,--,--,--,--,--,--,--,0,
递延收益增加(减：减少)(万元),--,--,--,--,--,--,--,--,--,--,--,--,0,
预计负债(万元),--,--,--,--,--,--,--,--,--,--,--,--,0,
财务费用(万元),138000,116700,128100,134500,126400,120500,181700,142200,121900,89800,69000,75200,68300,
投资损失(万元),-31500,-43200,-42700,-39100,-67300,-55500,-41200,-40200,-41100,-18600,-9600,-8100,-5200,
递延所得税资产减少(万元),123000,-18800,-400,81500,65900,-3000,-110300,-94400,-33500,16200,-92300,-3500,-4600,
递延所得税负债增加(万元),1600,-400,-1800,1200,-400,-300,-1300,--,-500,-600,-700,-2400,5600,
存货的减少(万元),-58300,-137800,-271600,196500,123900,-273100,385900,-114400,-293800,144400,-390400,-160900,-120500,
经营性应收项目的减少(万元),-170900,-113800,-160500,139100,258200,-133000,-317700,162800,-278800,-171000,382800,-550100,-78800,
经营性应付项目的增加(万元),-334300,-124200,273100,61800,-787700,878800,-49400,-67300,462800,-122200,228700,238100,102300,
已完工尚未结算款的减少(减:增加)(万元),--,--,--,--,--,--,--,--,--,--,--,--,0,
已结算尚未完工款的增加(减:减少)(万元),--,--,--,--,--,--,--,--,--,--,--,--,0,
其他(万元),700,100,700,-1600,-1500,-3700,1800,-3200,100,5300,300,--,0,
经营活动产生现金流量净额(万元),829400,626800,434900,513700,213700,1056300,145300,466300,902600,454900,1193800,790600,1101800,
债务转为资本(万元),--,--,--,--,--,--,--,--,--,--,--,--,0,
一年内到期的可转换公司债券(万元),--,--,--,--,--,--,--,--,--,--,--,--,0,
融资租入固定资产(万元),--,--,--,--,--,--,--,--,--,--,--,--,0,
现金的期末余额(万元),215400,243700,196800,360100,171200,112600,204900,234100,365100,224200,297400,773300,148000,
现金的期初余额(万元),267000,196800,360100,171200,112600,312300,234100,365100,224200,297400,773300,148000,51500,
现金等价物的期末余额(万元),--,--,--,--,--,--,--,--,--,--,--,--,0,
现金等价物的期初余额(万元),--,--,--,--,--,--,--,--,--,--,--,--,0,
现金及现金等价物的净增加额(万元),-51600,46900,-163300,188900,58600,-199700,-29200,-131000,140900,-73200,-475900,625300,96500,

